4969667
6393848
8134625
1230966
2496265
7431855
3356827
9466510
2581310
9506010
3175255
4343204
6836033
9393079
4613018
7838515
3282398
3752302
7072945
5735830
7917470
6493235
2238294
4682777
6208219
2651575
4734540
1565117
9302178
5878272
1327568
4922112
1563665
2352747
5500127
9130876
3318497
6643895
6801769
1154708
6560269
6755065
6421085
3002320
5211866
8397389
7965999
8992670
5400023
6486594
1331196
1373875
8802569
1921526
3655227
4361394
7875998
8449064
5283304
5851477
7503086
2909535
5748246
8592532
8006539
8141521
8845639
3304139
5448428
3889275
4216524
4829685
7000873
7909381
3245304
7760657
5771789
3473640
8407168
9814272
2171190
4404566
8096048
9181949
7226417
4835676
4968909
3035855
9030874
3109957
9226641
7314378
7945961
1857100
2925251
9589783
5602212
3640532
7578185
6943672
3580553
3036888
2217805
9598573
8923166
9760629
1347518
2542126
6225539
3701076
4640420
4859939
3397841
6389658
2586684
5928239
9533221
2617144
9996453
9339969
7687199
5607032
3976710
1725793
5793155
1345611
4679552
9340219
6270418
6279732
9767808
4493618
2286358
5235691
1428364
6192747
6786852
3843973
9898500
9309094
8248085
5471835
5581433
6831147
1271904
3749242
3786167
8463549
3549633
9518198
8191399
2090449
9228300
3464489
6222208
6203468
8219718
6305501
7815638
9352224
7900695
5972505
5021902
9672801
2038068
9043370
9620354
2938468
5939946
7108855
4400366
2415954
6237629
3293281
4405377
3760667
9169931
9891235
7668018
9972815
4215806
6546797
5749458
7385113
1196199
8727864
8619221
3463487
4463554
3201576
5797907
8535489
8489662
1571709
5452095
7388225
3221425
1907911
3236546
3606677
5092279
1551983
1615943
5954489
5412962
8343881
6542535
9638038
5514275
7532701
2751810
4785673
6045517
4988846
6913608
8230267
4258425
6642679
9684457
5583708
6831024
8262279
3138971
3858180
7276254
9714827
2209542
3764102
6549676
8578726
7482186
9854618
2710343
6934353
1972747
9029062
2524439
5412449
2836200
4591976
9438579
2559772
2483150
9150983
1591963
8482513
6353750
8873713
2706298
9439820
6727830
8627485
3154227
9753551
4483881
7289596
2815398
1577791
8693336
9658555
4075668
3454393
3505601
4150461
4781424
4482544
8222408
5555159
8573909
3057287
6570958
5736107
3335577
4215492
8362228
9192364
6467908
2016991
1866981
9484418
5578451
2567547
2956587
9780255
3022448
3266533
2922855
2391388
9989465
2289073
1781025
2028788
6815974
7625900
7148925
8289866
9526275
7500523
4507757
2236047
4979220
5391279
9984004
9475684
7655347
5233288
9660512
8593623
5978922
6510156
6497464
5762356
5281171
9708787
9030288
7770013
2977359
7059301
5226647
5456413
6837463
9993996
6920827
7254052
3369929
8332550
7584660
2611607
8151300
4821234
1608473
2604085
9238832
3152081
1606398
5107856
6922074
9182299
1308161
3215657
8626017
9477488
3264022
6205547
9976493
8213433
7823485
5319211
8413363
2296951
7595560
9592337
1329349
6301877
5202001
9722468
8307682
1298934
2091252
5009333
3850706
1306110
8635609
3002537
8160778
3778417
4343095
1148601
5741258
7773323
2257097
7264982
4960622
9702688
6287393
1422279
7886293
2470050
5145053
3206955
2566858
7996995
5761999
6691491
6317749
5035916
7463364
4678602
2001070
8025373
4737344
5082351
5557541
3634453
9895741
7375559
5824038
6182640
9269411
9893711
3722962
3631312
8869307
3362998
1871120
2550920
4118305
4772129
5530280
7628617
8825199
1293920
7027032
7638957
1827516
7469752
3113542
9738782
9202118
3083625
3139988
1131659
2113052
9188792
7619513
7966920
8127078
6373691
3601366
9556160
7015924
9680890
9476658
8430865
6222171
6843881
7206026
5112416
8180345
9159329
5120446
9527764
1629343
5300384
9188771
7292707
7121347
8384125
4338751
7020235
1755455
3685714
9580286
1171545
2587335
7707657
8945584
2348638
6660091
7941816
7671116
2559524
1157317
7696823
9679883
1941533
7887071
7882759
7394918
9307931
5899598
8547897
2989948
1411592
8005979
9415992
8587833
6487988
3220688
8650047
1452966
5356169
5159538
7431007
8623795
5903035
8617379
6391074
8416908
5695781
5974878
6556726
9358320
6554121
8061568
3158866
1384330
2217496
6178545
5368667
5301548
7643027
8215289
5712932
5995796
3309509
5893072
4224303
5538939
9153626
7986667
6139782
4852772
3955833
3788112
2589102
1576967
3231990
7259774
2498646
6011493
4946960
4431132
1661363
1329280
8602027
2823456
9248760
9767851
5414206
4399574
9932843
7732967
4594998
8789227
2314349
3711683
1157586
2934396
2526171
9453769
3291703
5087824
2725247
8850819
3764171
7441465
9738650
5880432
8406708
4563374
2753680
9416683
3439544
8070910
1403089
6469350
6881355
9053048
1872651
9400817
6604329
6953189
3802828
1752767
4490290
1724376
1725886
6148420
8543602
8787104
6339828
5214741
3511947
2312386
3796577
6830255
2058192
3795344
2845739
5208077
9862664
3994773
1919910
1635342
4565439
7031895
8813366
4720911
2604087
3959601
1838262
7451545
5921219
2387227
7317226
7471608
6413118
9740659
7831221
8498580
5765073
9550640
3381854
4119291
2821333
4010107
2374290
3543641
8198053
3982693
7139968
7930499
3946200
6874616
9758152
3214205
4446246
1877881
9523224
5534778
9289561
4851483
8175173
8843543
4968095
6355176
4161098
7997768
8922823
4146199
7709163
8057202
4791333
8707909
8813950
8634170
6312877
7439405
8150991
1279304
4473029
3394857
1670054
2953012
3276750
9431197
1371512
5030448
1925181
7178945
1161545
5771563
8785565
5593128
1174224
5266400
6211930
2678891
9694173
1230288
3383143
2398708
9728686
8701819
7458130
7535133
1268822
8852986
1971013
7800302
7061618
8713438
1647478
1972261
3469247
7150041
5520700
6412367
2313769
4996417
4330493
8568011
3629024
6993394
3535917
5448926
2303849
8928735
8935424
3817497
2188446
9661573
6083566
9590562
5541602
7096331
9808571
8148670
2885690
4646525
3694357
3215251
9117707
5039324
8235389
6008466
1260924
8411678
8146490
3252398
4168235
8137602
8826551
5698418
6736122
3818117
3824187
2067628
5236958
4224131
5625276
1162549
8785722
4396968
4560865
9743941
7396582
6047197
5450096
8186702
2958488
6868353
2014857
7375705
8606347
6095300
1425099
4013601
9864346
8433099
9797153
3272573
9435298
9173551
9066507
4125865
3003101
4563338
4574319
3169150
5523950
2548929
3973096
9980452
7286966
2181217
8034636
1553625
6865106
6787325
5118535
5588960
4617600
7861859
4789570
7983552
3801223
6612229
9129132
6009163
9101085
6321603
8479593
2297381
7860055
3629923
9225792
8793481
6272867
4877572
4426887
8994589
4640138
9802626
4235973
2619292
8853842
9108481
7966176
8581086
3669605
9881556
8817926
3765771
8393245
5327459
2263427
6537936
5881621
6296253
2479281
8596722
7485565
3855607
6339425
3489641
2531170
2713549
8963472
4765383
8174587
1697815
7765050
5023579
6361742
2483692
1554378
9146048
2786493
7825158
1631954
7727113
9530058
9742125
6599353
7042449
2096367
4680230
8047086
6467056
2180652
5990465
3124098
9366717
7343984
9664663
8530036
5657937
9541365
3338422
8072139
3620259
5046601
9619501
4137456
1877012
5158161
6224806
6190261
1956377
8059204
7130629
8371799
7581289
4351249
1625569
8981101
6714683
1263126
8737591
5428329
5838126
2643026
4049284
5530531
9038965
9607665
8467528
3800102
5465042
5317800
5807097
6163012
6213378
5609879
2489091
6933527
6570005
8555921
4491299
6528627
8831902
4247680
6333988
8949557
9362423
9557228
5452033
4522215
8682821
9395196
8439967
1934972
6129005
7232687
5774772
3232140
7962665
8430151
3377296
3448548
4363556
8996848
8549184
1556724
2923317
4304771
9026507
2136251
1443665
3932882
2585306
2946235
6497737
7862944
7611259
8148587
7373170
9568929
5784947
7077965
6782187
2063672
2797407
1333979
1414132
7581414
5312358
7386552
4652705
8556791
5206788
2996993
8500512
8060820
4171399
7017314
5857955
3064919
2684088
6499634
4027592
1830602
5922362
7267717
8640350
6334801
8762861
1631360
2367613
6016218
1474504
3729178
1743465
6333183
5894760
3944698
2736997
5286668
7598683
6733047
2512894
5834046
5735601
5656758
4710781
4299223
6441263
6989138
4367460
6549043
5919716
6250804
2252855
4330626
5460184
2266751
1641925
1236009
3761389
9440769
1501198
1749297
3607011
4058731
6466100
3703480
4212654
6580333
7836926
8894818
3673506
7927743
5211405
3443806
5789314
1762562
2325249
2378948
5014939
2477569
9602429
8403920
7925742
1636682
4397884
4772300
9943856
1458813
8277518
7208427
3784477
3680490
4219450
1122034
8779410
6612198
1680768
6474567
1324992
9228793
4443031
2574446
2121952
1200581
7150289
8053435
2627934
3530929
3249420
8425969
2492707
7211644
1725761
8168391
1597254
8818726
5412204
5089622
8162624
8676949
6121303
9377070
8624203
6147554
8073212
9951794
9682322
9691562
8235080
8184053
4357589
3789657
9710889
5125672
2787024
9491363
7348944
8761556
4744589
3633428
4721935
7453949
6998441
1620394
4988039
5090972
2251387
9972945
2114098
6627038
4333375
6545087
9344443
3480334
7326989
6948905
5542885
2505133
2834537
5757231
5467043
2352403
9121153
2353726
4854108
1440938
9146819
3620347
2633103
9789724
6643955
1361142
7419717
8998543
5984227
2369097
9433959
6230476
3620557
8461087
6326026
5603458
8073274
5672676
4060457
3953088
7730867
3398965
4752312
5087418
5504098
7614806
7824944
2496961
6055242
3754039
1607970
8376050
4691385
4282466
2872452
8481193
6747765
6467501
8890186
2529540
8856352
4875064
2610122
9872931
7131681
3493824
7900710
8852080
8050936
2426580
5331073
7431289
7297072
7103974
6228692
5008855
8417433
6921904
8458442
8016074
1579023
6862761
5191428
7725016
3548430
9330703
3099206
4931616
3884202
9669123
8625399
6445545
1131198
7064133
8874097
7415327
5203985
7175862
3224722
3056296
1879805
4571928
6893481
8770940
4605494
8020549
9715628
7780027
5367286
7800941
9569712
3950024
4146900
9425600
9514360
6133679
6998298
8212040
3108221
7791734
9010401
9177606
9474651
1627076
6212360
1177469
6947115
6259721
1700451
4632093
6715982
9306564
2961591
8823197
8579839
8736832
2871718
1896381
5780434
7016783
6385595
7325347
9718936
2373223
3142696
5897943
4440785
9753799
2326339
4817000
8837060
2458279
5955241
3426146
1681709
6309089
4169975
9186509
9982100
2496039
9463204
4679297
4987938
7008847
9376613
2028519
2428934
6550214
3130035
8250086
3282884
4617388
3037259
2975625
7620859
2897442
9417446
1458802
5363925
5629436
6729013
8687468
3264238
4570828
5725406
5943797
2046839
5705812
4322198
3879556
4387150
6591304
4217498
8560022
3836697
2596058
4919520
9593648
3781626
4034721
2042999
8060769
5474836
4671752
5669326
6893597
2236950
2521745
9139625
7097489
1923393
9686260
7845834
3366346
2547709
3176682
5194061
1692294
1240504
6899470
9141026
8084480
4351839
5326429
4188725
3195950
4674928
3790934
3705514
9384894
7086735
5565731
6344344
7611857
4173409
8147518
9761355
3427578
9818177
2421502
3175081
2946474
7224238
1647193
2119386
3532845
7838781
7984900
4319350
6304889
9663724
8817167
3990853
2476917
3850736
7649196
1360780
2819156
7204706
4421905
6367605
6963207
1241512
3943233
9698833
2642334
6782231
4290289
1417356
5952788
6236835
3112898
4529581
5203580
5964407
7454967
1841065
7807055
3759636
3380812
8863780
5996286
4301957
5357859
2698800
7457670
8913064
5623224
8108155
2326912
3700412
1614759
2128619
6941975
9574274
8881034
3592649
2098624
1374201
8698174
8054076
1680301
2075379
3793846
4036598
7363127
3017873
6760872
4329505
5418461
7450334
3053682
3692857
4762674
8361235
3667944
1350134
7632141
4726312
5616088
1113947
8636323
8150312
8807469
9133219
5875828
6276326
7525733
7060927
5246467
5205783
4812193
7723830
3275615
6420655
9498876
5770255
9498495
6580131
3190427
1259362
3207525
2818500
8653777
5985513
3921599
5687421
6405715
4187816
5792431
7310908
8703299
4022373
7126065
8744738
1623638
6287118
2232091
7176892
8038390
8158858
3552624
7136583
6061895
8385749
6203063
8137300
7991681
3997789
6817960
2192144
4041683
1527252
8490072
8573001
1632914
4006361
8296710
1861943
4094316
2835072
3641976
6542654
4970518
3320055
9725180
7177261
7827471
7382698
3498969
2543411
2042329
3056778
4450983
9387253
2734625
6824595
4362296
7465596
5424517
6542828
4756214
6133385
6422984
3873026
7754103
2525417
7790296
2707882
6897609
6937066
9042050
4162819
8389400
1645108
7349938
6963262
2519848
7215270
4449563
5855949
7450127
7240644
4966011
1509655
8822585
5794828
8831097
9940358
6123557
5725091
5797279
1416126
5773644
7093051
2760046
1429733
2995432
9229500
4096359
3675154
3846438
2114896
5342643
6566344
6291968
4208164
2642396
9145353
8788341
5804240
4792741
8288209
5018961
9858105
3704911
7731960
2834207
8690542
8923342
6779846
4917868
3820249
4523861
1389886
8278206
7761925
5305394
5861849
8438512
2056792
3507117
4134740
7137586
4653356
7316527
2000462
5130715
1455899
7648461
4630175
1195833
4034156
2178227
3346415
4359399
1319907
9564633
7130274
8702175
2558224
8663800
3509311
5942205
2034601
4779491
8878142
2421357
3755994
9966366
1552412
1230523
2299002
5253482
4956640
7275740
5041756
6686841
1246752
6963539
6659626
5231711
6827658
9339830
6661081
3631016
7946253
4874864
6106801
5602766
5577601
6977506
9745092
8277697
5527282
5212364
2101708
4043072
5342334
3456166
6541239
2714489
8419055
2956854
8077864
2190512
1225355
5064314
9917581
8516699
2696700
7261753
3961727
2995952
2828059
9291937
7939473
1226904
9168988
6025115
1755752
3640611
8666077
9896568
5268337
4892204
1185339
4910085
4558491
8448006
3862409
3612623
5075471
4780761
7248941
2549857
7288050
1586852
4172002
6229973
2633746
1384066
2341747
3929782
3080717
4938158
2736851
1466509
7520453
5365713
4916958
9569304
4736770
3701995
9080581
6523650
1225442
7407462
3482639
3415228
3477569
9025194
1885398
9135840
4534485
7000528
9245055
5268724
1963245
8146452
8758068
6418499
3426551
3095281
7009861
7744601
1364555
5787645
4657052
9475808
1116044
9758936
8961789
4100633
2447957
1113237
7659399
1241692
6838279
9841869
4703484
9004882
7684842
3322261
2891841
4693306
2388955
2192427
5131324
1975434
9982549
8008849
8992446
4638842
7051002
7027706
3919840
1468971
2592260
1245042
9006618
3107343
4631237
3684076
5441464
4321492
8462588
1843996
6162566
7985474
2413497
9618921
1523876
8242340
2222463
4284641
1843471
3077072
7727217
4832521
4808982
9394030
1185650
7283969
9301139
7555460
2112466
7871190
4038296
9854118
1140356
3396193
8702882
5984544
9260561
9406057
5475728
3726113
2797609
2389528
8408314
8183653
1620509
9896259
8125141
4431351
4094538
2718375
6240645
6611544
1298166
8983096
8222884
3839578
2431448
5025056
7486494
3873925
5788398
4082035
4718378
6496464
9307377
4895754
6149420
5532132
5726393
4974937
4567764
8637936
4258943
8472498
1367869
2550033
8837022
5962390
8936449
4735670
3485274
7848808
4820672
4766258
5070153
6832524
1435008
2253918
9757319
3057683
4651470
8118853
9360008
3021203
3671580
9837725
5715754
1897565
3731035
9158935
3980987
4225199
8035551
7571345
9592590
5030813
2585024
6676301
8057661
3665459
5157062
3438089
1261262
5237191
7866542
3009071
1510090
9892457
4304382
2838231
7170907
1285370
1470123
6717306
6412593
8146308
6889549
7965788
8716789
9320796
8744153
3461681
2167312
7228420
7510162
3250050
7222708
6159352
7289527
2837209
7410017
2699581
4678835
4274886
4868853
5920578
5816549
8540609
6137131
1284074
2670371
8366193
8970595
2859232
5828171
8746888
5106550
6992015
5435390
7282568
1918835
4326255
1941415
5563012
4195718
3966096
7567715
6094110
3695808
6487995
2889899
3561906
5505771
3937247
1438519
6369348
5973029
5799326
8595975
8608138
2959673
1442037
3446862
8086533
8640646
2035656
7048855
6888632
7794236
1775328
5326387
9516647
4692108
2966491
6596803
4920314
1357783
2517828
1193883
9827523
6440831
2159725
3475255
7174256
5780880
4835159
3955007
9293594
3024724
8049898
4333780
9770211
9229367
7585662
2903293
2027671
6055871
2349487
9700953
3373394
1840925
7883190
2592566
3829959
7223824
1545606
1281469
9063988
7644387
7280344
3318914
8887591
9404445
4859378
2396163
1850510
8078520
7807365
2199950
9137267
7820750
8877593
2283436
4983552
9708059
2610489
5238092
7023979
1727379
8763856
9221531
9284827
5795605
4928926
4408123
6740964
8554966
3785762
5617784
7109871
1245127
7356354
4317504
2953180
6446518
7855958
2621725
8553342
6380437
3738505
4100362
2921684
5973038
9389470
1322945
2331031
9104328
5167659
5625799
2146187
8786254
9187154
4281800
3066629
9508687
7485271
9895421
6344356
5112271
6516966
8454698
4413061
9341115
5076054
